Con 10
161.95825 145.30592 144.59135 140.08446 143.58546 122.48736 108.18334

Con 15
142.65787  125.86575  124.91407  120.34196  123.46558  102.10723
  87.545296

Con 20
163.85309  144.8126   143.8114   138.92949  142.99727  118.309456
 101.569046

Con 30
185.48708  165.13403  164.75468  160.8433   163.47963  137.87248
 119.771996

Con 33


con 35
185.4455  164.4469  163.99934 160.0319  162.29196 136.29996 118.05119

con 40
174.95544 152.13953 151.34412 147.39842 148.7923  121.09011 102.02656

Con 90
177.34325  157.36688  156.79239  152.19276  155.52776  129.9978
 112.248474

Con 120
169.8267  150.78659 150.53783 146.3266  150.4037  125.34935 107.73999 